 -2.000000  9.389056 
 -1.950000  8.978688 
 -1.900000  8.585895 
 -1.850000  8.209820 
 -1.800000  7.849647 
 -1.750000  7.504603 
 -1.700000  7.173948 
 -1.650000  6.856980 
 -1.600000  6.553032 
 -1.550000  6.261470 
 -1.500000  5.981689 
 -1.450000  5.713115 
 -1.400000  5.455200 
 -1.350000  5.207426 
 -1.300000  4.969296 
 -1.250000  4.740343 
 -1.200000  4.520117 
 -1.150000  4.308193 
 -1.100000  4.104166 
 -1.050000  3.907651 
 -1.000000  3.718282 
 -0.950000  3.535710 
 -0.900000  3.359603 
 -0.850000  3.189647 
 -0.800000  3.025541 
 -0.750000  2.867000 
 -0.700000  2.713753 
 -0.650000  2.565541 
 -0.600000  2.422119 
 -0.550000  2.283253 
 -0.500000  2.148721 
 -0.450000  2.018312 
 -0.400000  1.891825 
 -0.350000  1.769068 
 -0.300000  1.649859 
 -0.250000  1.534025 
 -0.200000  1.421403 
 -0.150000  1.311834 
 -0.100000  1.205171 
 -0.050000  1.101271 
 0.000000  1.000000 
 0.050000  0.901229 
 0.100000  0.804837 
 0.150000  0.710708 
 0.200000  0.618731 
 0.250000  0.528801 
 0.300000  0.440818 
 0.350000  0.354688 
 0.400000  0.270320 
 0.450000  0.187628 
 0.500000  0.106531 
 0.550000  0.026950 
 0.600000  -0.051188 
 0.650000  -0.127954 
 0.700000  -0.203415 
 0.750000  -0.277633 
 0.800000  -0.350671 
 0.850000  -0.422585 
 0.900000  -0.493430 
 0.950000  -0.563259 
 1.000000  -0.632121 
 1.050000  -0.700062 
 1.100000  -0.767129 
 1.150000  -0.833363 
 1.200000  -0.898806 
 1.250000  -0.963495 
 1.300000  -1.027468 
 1.350000  -1.090760 
 1.400000  -1.153403 
 1.450000  -1.215430 
 1.500000  -1.276870 
 1.550000  -1.337752 
 1.600000  -1.398103 
 1.650000  -1.457950 
 1.700000  -1.517317 
 1.750000  -1.576226 
 1.800000  -1.634701 
 1.850000  -1.692763 
 1.900000  -1.750431 
 1.950000  -1.807726 
 2.000000  -1.864665 
