0.0 0.0
0.01 0.10000000000000009
0.02 0.19999999999999996
0.03 0.30000000000000004
0.04 0.3999999999999999
0.05 0.5
0.06 0.6000000000000001
0.07 0.7
0.08 0.8
0.09 0.8999999999999999
0.1 -1.0
0.11 -0.9
0.12 -0.8
0.13 -0.7
0.14 -0.6
0.15 -0.5
0.16 -0.4
0.17 -0.30000000000000004
0.18 -0.19999999999999996
0.19 -0.09999999999999998
0.2 0.0
0.21 0.10000000000000009
0.22 0.19999999999999996
0.23 0.30000000000000004
0.24 0.3999999999999999
0.25 0.5
0.26 0.6000000000000001
0.27 0.7
0.28 0.8
0.29 0.8999999999999999
0.3 -1.0
0.31 -0.9
0.32 -0.8
0.33 -0.7
0.34 -0.6
0.35000000000000003 -0.49999999999999944
0.36 -0.4
0.37 -0.30000000000000004
0.38 -0.19999999999999996
0.39 -0.09999999999999998
0.4 0.0
0.41000000000000003 0.10000000000000053
0.42 0.19999999999999996
0.43 0.3000000000000005
0.44 0.3999999999999999
0.45 0.49999999999999933
0.46 0.6000000000000001
0.47000000000000003 0.7000000000000006
0.48 0.8
0.49 0.8999999999999995
0.5 -1.0
0.51 -0.8999999999999995
0.52 -0.8
0.53 -0.6999999999999995
0.54 -0.6
0.55 -0.49999999999999944
0.56 -0.4
0.5700000000000001 -0.2999999999999995
0.58 -0.19999999999999996
0.59 -0.10000000000000053
0.6 0.0
0.61 0.09999999999999942
0.62 0.19999999999999996
0.63 0.3000000000000005
0.64 0.3999999999999999
0.65 0.5000000000000007
0.66 0.6000000000000001
0.67 0.7000000000000006
0.68 0.8
0.6900000000000001 0.9000000000000006
0.7000000000000001 -0.9999999999999989
0.71 -0.9000000000000006
0.72 -0.8
0.73 -0.7000000000000006
0.74 -0.6
0.75 -0.5000000000000006
0.76 -0.4
0.77 -0.2999999999999995
0.78 -0.19999999999999996
0.79 -0.09999999999999942
0.8 0.0
0.81 0.10000000000000053
0.8200000000000001 0.20000000000000107
0.8300000000000001 0.3000000000000005
0.84 0.3999999999999999
0.85 0.49999999999999933
0.86 0.6000000000000001
0.87 0.6999999999999995
0.88 0.8
0.89 0.9000000000000006
0.9 -1.0
0.91 -0.8999999999999995
0.92 -0.8000000000000012
0.93 -0.7000000000000006
0.9400000000000001 -0.6
0.9500000000000001 -0.49999999999999944
0.96 -0.3999999999999989
0.97 -0.3000000000000006
0.98 -0.19999999999999996
0.99 -0.10000000000000164
