2.6771659528417135
2.5456731296148973
2.7045967724003264
2.5752682955814152
2.582868628628382
2.675803357785921
2.7126736867947896
2.7256896024389325
2.8607997490554533
2.5909332452978746
2.9040798141036075
2.9970469568846068
2.683214076257268
2.5893337283461775
2.535342024515573
2.5364048896750173
2.5704373790096895
2.9769270096297293
3.3698536676882505
2.9700268209242027
3.395015748913732
3.131878473380341
3.059679299736928
3.4902222604139377
2.7630697291134396
3.3397219741329875
2.701911411985225
3.1246161898723486
3.456985418457728
3.260012897313974
3.491942991560237
2.7785974551830956
3.232566725014391
3.388353885962121
3.4398886620031037
3.367958237335513
3.3937114068597385
2.5580918364911205
2.9767745190000516
2.8834865749504015
2.955680784191166
2.908446155322432
2.8855135905987597
3.4213344539723067
2.614477227994191
3.4717050105579603
2.965325158823867
2.8600363805242064
3.1239777162358404
2.6824329663662816
2.912011737303489
3.436753691394821
2.5627920457128615
2.9131140642091164
3.3548988513957942
3.121895163676037
2.9954593150771416
2.786816296164176
2.959226685564598
2.580533172351044
2.775140744650252
3.1008092017521753
3.0625685743335045
2.7599270860493554
2.887857000131928
3.341821644571108
3.065486879244198
3.146992410182165
3.357205082720488
2.5327140614098482
2.5506667246653745
2.7896641233880786
2.7510020074230943
2.686390681444167
2.8403439025047117
2.87442119339961
3.0103043740310547
2.8081416134704478
3.1013056826206338
3.3717136627310635
3.218891851148582
2.7414618565261204
3.2421442730879098
3.2068527325270857
2.657231288950396
2.7729487175312832
3.131848476942604
3.2392241393194023
2.706660992448314
3.1508644404357304
2.77231595816908
3.093552180347827
3.1665159160439886
3.041778917691342
3.054282370123818
3.0088679089564323
2.8137081292231514
3.406236271410446
3.265289071865346
3.3409490153858963
2.6012025531172633
2.623285565084309
3.076170633772379
3.3903991674499334
3.4153046821285913
2.6797365274774694
2.726730950976675
3.1619304652783677
3.3946202884572805
2.7136406021002166
3.400623028391107
3.0492466703412195
2.705131945985113
2.659862054442062
3.1275301257929615
2.6191248155295
2.7532144473049858
3.067369747185352
3.474949406207079
2.5796996172842706
2.5591000456077966
2.808564289507113
3.1296736975298423
2.7503271747289286
3.3500202169737157
3.1866301400046826
3.095410463010391
2.5926104878133684
3.240543015910022
2.6609245676648996
3.05823512909832
2.830802993675402
2.631625166509976
3.4004323387971764
2.5221491420137143
3.383593821648163
3.288441974065902
3.1759365824781147
2.6594346121310504
3.376855281090238
2.8726759840734752
2.6380515596350786
2.849001765297688
2.712650706764214
2.542391434252321
2.6978869317119107
3.243675284538498
3.3705823078067128
2.8258997988590435
3.3020758698790673
2.6432904058522446
2.5920690923270713
3.402422859366399
2.6121399966950722
3.096239773225959
2.9226898486195023
2.86740956613738
2.735714347570198
3.2034044759880302
3.07825483695896
2.923486247254052
3.486247818223642
2.6836155904329875
3.2897641796894552
2.94234441784653
2.6406978433286143
3.0431061290307384
3.4378906699976466
2.6856962551646553
2.722800662905823
2.7449031575862017
3.3886045569061882
3.335065794364445
2.7666345536869
3.1548983650719373
3.34487069837279
3.085896182544687
3.094595070734865
2.535064674989573
2.6833417972784828
2.605743975250945
3.0201354045803326
3.381219217645809
3.1307599191346758
2.9282658296428905
2.664635994818794
3.00714845687403
3.19229545358041
3.0629719809705267
3.326903501590911
3.4829773978917915
3.3530370190877035
3.135371986323462
3.011152298233719
2.8446053186342994
2.8671836744233588
2.7130628166403286
2.9260081155188558
2.782499337026108
3.098269133548739
2.8748291900652876
2.9207129308946977
3.325100216477323
3.0930053430241378
2.7790260588456324
2.52739422204617
3.028302852942894
3.0520464811940933
3.3539093304448437
3.3553609812046865
2.5305132781829456
2.691323018982429
3.4258551292184776
2.853614045832301
3.187377954473057
3.09089662894763
3.017878195775941
3.257229213244842
2.6441934341659437
3.3295649130919966
3.459034735761305
3.3935884688924514
3.3607160785303845
2.966733749216913
3.153171084615625
3.1269179687345274
3.249239252002059
2.996801991723377
2.9560254111559976
2.9670370353055016
2.8400201481323233
3.0229113687069082
2.6641104421689286
3.3342896496992376
2.7097716249145223
3.2369564622997355
2.966349420610526
2.842662931532337
2.597355781650124
3.466538014577412
2.598855161196275
3.306900719378155
2.8816672257806504
3.024871839196435
2.8914178431199584
2.6152866606573726
2.9757262222966525
2.6097542646816763
3.057590404320952
2.883976256790955
3.1675784265285385
2.6718961208481784
2.902906679464282
2.9364824988783504
3.3984633394780923
2.847453885601134
3.1396919921321165
2.7397534664783083
3.2949274489906126
2.5714389162361027
3.315147566503871
3.300327501242541
2.5507643090944523
2.867360081617583
3.3901909005812563
2.6358129926487175
2.739214931953289
3.2115189973049616
3.1075571677486997
2.986373946227977
3.4506055185539375
3.2388830100410844
3.002800476401616
2.684551170723469
3.3758290198501664
2.7400511967216663
2.540514578193592
3.426568823039894
2.7055958641542057
2.9594891571547466
2.7903997636097806
2.7589637253562476
3.0573220094616937
2.610620026666586
3.3811390571188573
3.1972948816082694
2.53905651895385
2.587953851068895
2.960406911499473
2.71866836278749
2.7508493829605594
3.28936516305896
3.336652360517924
2.649620372638963
3.0009191819224426
3.2571933730045908
2.706547085041608
3.3854370360841903
2.7733784267520702
2.6227768914257905
2.963248860099252
2.769837868963815
2.9893682225627343
3.05746365483967
3.3190888101560576
2.7799720306505344
2.967609390703154
2.550355181017715
2.686654571925999
3.0775845613452555
3.1325081563185644
2.965102126774096
3.185015301576499
3.0117386822372425
2.889434251258518
2.8988174410266963
3.41359099493071
3.0718872936451787
3.218018955307633
2.98298938672768
2.607026445373036
3.239544742670093
3.038466921674183
3.1046220908981623
2.911977605876845
3.1570400892527073
2.63618895254831
3.0320882196057966
3.4902713220023602
2.939649605240578
3.4859002481356334
3.2109347003561792
3.2129929270583237
2.9879324774337186
3.2352407063854773
3.128711932992009
2.7865547918681415
3.099993323930036
2.626103570914459
3.0705409334506504
3.1915262554708788
2.7057433233288393
2.879403440782988
3.2231183091434126
2.811990089131168
2.664916234645544
2.6634151361042924
2.629252335192274
3.282434202061391
3.4441629074479208
3.0314772056390233
3.0548236503673234
3.0273667750822244
3.350364627895426
2.5346476314050195
2.8414905333320117
3.1442220039362483
2.9801209143240737
3.1333086947681337
2.6093755590421317
3.455366823727496
2.5210619789826976
3.2067602094426855
2.7357166834734117
2.575378465519997
3.2311749554818014
3.439957454439718
3.21803224257219
2.7153369727093626
2.6069740197605293
3.1551224161431124
3.4617786379272903
2.6964206795151755
3.01466738368509
2.557593441554171
2.8468755754095216
2.7823276606532885
3.331896213947083
3.2395299138390907
3.3748014822867414
3.4991093960500548
3.1732237039391946
3.3499041343904654
2.7401505239297617
2.896140230012289
3.169222154485043
3.4174849101948634
3.3820436028166623
3.0211231955130895
2.817225949481319
2.940525662064633
3.1110678379131964
3.312116638224123
2.876211343032509
3.013597401905237
3.3477868533524915
2.914847529372808
2.799365163666157
3.3182984737472996
2.7629881374704537
2.725268762809722
2.7759298027772585
3.4800609910975653
2.541075532206647
3.4060048227659094
2.6758340614524174
2.8659085198597043
3.3530978269910854
2.7295177256150316
2.706869525568731
3.1846737669460152
2.8972303448216774
3.0264920151847123
2.6662111305081155
3.493842143356396
3.339093491340802
2.523723761802369
3.402754462386332
3.250772793284483
2.9224638682210013
3.350556513436845
2.8112900361363016
3.1237287589359877
3.412525083979501
3.456227078559099
3.0266332315478572
2.8677139888518397
3.288696540296411
2.7018524072803722
3.153085605056382
2.556682799943276
2.87996431737337
3.1258096568800817
2.6059270507165646
2.5759125624196293
3.4814052783601546
3.06886386206439
2.7785689427881994
2.897341301606003
3.2493041017784354
2.64084855553793
2.886239465659357
3.210987896525147
3.093611246171011
3.3900943729486848
2.563449225916897
2.774828952607596
2.526347070497908
3.2941881521607854
2.752576794944358
3.2083214035789878
2.6776340154353755
3.475610235820971
3.30693385579122
2.9133536788079573
2.9308257179054644
2.7861365660894917
3.2864132762322376
3.4042114385030056
3.4627477474796224
2.6826492118363108
3.0031013340624497
3.3130570641303603
2.7329321671441678
3.1886176802964328
3.06158667565251
3.2087817520728596
2.843769100542966
2.610865803480428
2.918667388964475
3.3340298674387396
2.9580121251821767
3.1957209938343074
3.082203188736739
3.3879149353194142
2.615884557348023
2.665352245230852
2.549410634478204
3.3610643788659837
2.80653172628476
2.788791353118174
3.1744369488186255
2.724129735074772
2.6593521356489505
2.7644859623811735
2.9414125289412842
3.294487148174367
3.4743130486001563
3.2446793117754407
2.910439642932475
2.859230603981323
2.7591453015738985
3.1109783260990973
3.4236553286063844
3.2774099086314896
2.9853008917987234
2.6897864870325634
2.7373495464844124
2.9680896042071336
2.5852555122305225
3.305295581419866
2.8553935906968846
2.9598121474374146
2.956931497196815
2.581510313308082
3.358480843364737
2.674262064390563
3.104023745179479
2.991890874634873
3.431602745839503
3.2129356719392757
2.768968477878127
2.867305846828381
2.072128380739194
2.3932163963707804
3.4849318202000985
2.3764998637697357
3.3840987279468937
2.829960888401465
3.090587113027164
3.3315235375571417
2.8323620056840664
3.141783412797225
2.1694968076699093
2.3094707903621257
2.8482980799076385
2.5205326481960495
2.2977256792230247
2.32178269070622
3.341525805197966
2.403730004306807
2.633792480240073
3.466585750132139
2.798166021262338
2.1721994186631646
3.4424384648157424
2.717542505155449
3.2944901044964547
3.2956896155312743
2.537719819908579
2.0350575671986983
3.19820696845058
3.1479988354965194
2.7594022944441745
2.735029962477614
2.8616261248661137
2.1955321210014715
2.716106594142737
2.731890111260548
3.0925403712541946
3.2262291545209116
3.3337869354476917
2.590490540740451
2.140577421273168
2.122774400552329
3.1309079537547193
2.9871056597465264
3.2875769117489586
2.96185421370877
2.003076677040589
2.3751691366568686
2.0735110730090645
2.0567577025386004
2.1543400337088707
2.9553495050268843
2.8179177537935427
2.2742807023608087
3.255977054569904
2.4273297882239717
2.3672829350954707
2.63682613842116
3.495418145158154
2.6509268824690615
2.0083871401783373
2.6723790236724407
2.9002570773067866
2.3665856934133833
2.303715218300113
2.691910041810101
2.446540966597638
2.1478788740262917
2.0036524896538435
2.9354094164672992
2.187820449325951
2.1251996764986316
3.213221998919363
2.370611448927164
3.110302892039996
2.2164884837009757
3.3171088508718345
2.777795600044203
2.1721271379885354
2.3753876143984876
2.002201039283866
2.7879702184867377
2.7568354144999994
2.3027671953100235
2.348959608969185
2.5340927696948263
3.49241421938248
2.4560737780678012
2.4083327838602817
2.799224648111205
2.5616603463197922
3.3571053107511455
2.126851013159974
3.0761931736412627
2.8913320831000564
2.8435671990522375
3.495764697496103
3.2626752905540597
3.445859915460625
2.35188944136266
3.296369920421605
2.939941484752858
2.13269374741731
2.8398936248338513
2.543179267128272
2.6246394676600913
3.477138378028437
2.72748475183211
2.890065573268701
2.6705563697459174
2.9228285430884506
2.8370380650893248
3.4311095882389835
2.8623061221859363
3.1780270466427765
2.7207109447842686
2.9655980675019897
3.400535231328931
2.3963259867851745
3.4170713649521485
2.1515804418662507
2.851990836099542
2.6858910331711243
3.485187038943139
3.260891148450537
2.8962906439296985
2.3770244321440885
2.354749645660233
2.429269407977115
2.4906254522272118
2.3608293508831113
2.1910273775112117
2.056089915128487
2.1244719944677373
2.422385484232447
2.0221048176235987
2.006091157831561
2.2067641943841214
2.015616803959432
2.4037919257989713
2.3795419410905305
2.257779494652964
2.008778718539854
2.2726748552095795
2.255175689774987
2.1734799239017057
2.1033699843286264
2.4484749245582083
2.374448233668672
2.3859083971855384
2.2099848551260672
2.2419595359551483
2.2845476780995937
2.492898734746109
2.195114436998085
2.2282569811468256
2.2910924720987182
2.0111463742522067
2.345036601499181
2.199617137236047
2.131285221805732
2.352335481964579
2.250004769277998
2.358077991799276
2.033191823074683
2.4912867148521656
2.0197282833895587
2.3583344457882442
2.1623840569301533
2.2220212669805806
2.419712883403304
2.073556186260214
2.2622200440984246
2.2252497459501894
2.3108476272535245
2.3965365650259565
2.466922382273494
2.331985465090033
2.1739312830946087
2.2165651157137973
2.4035604783258475
2.4208757525099243
2.2419503158472596
2.4848899575393797
2.2837027049494196
2.1630507378616652
2.1785881674555645
2.245156359934776
2.3556726986346233
2.340150049727787
2.462990084229056
2.214934047857591
2.1265501072167026
2.2921120994810207
2.302522037976338
2.3970749411017054
2.3571730146379073
2.433373607712558
2.039945440576754
2.491957764396802
2.3198295568140472
2.4776920721769393
2.375831689975053
2.3170009135762917
2.242455906500139
2.0724586912618697
2.1053795850433743
2.392450824379601
2.230462648470252
2.295556346671729
2.4877118103547895
2.1308250426106055
2.1462564634028793
2.307753007715703
2.1342302449520254
2.240974303046521
2.1384155589727922
2.0548627318633343
2.487261875672397
2.440490426978121
2.1982944395730875
2.0944653491812097
2.1301598940351427
2.4904076545937976
2.2080948561300007
2.1378415878197776
2.0787705313935314
2.2197527497809797
2.108954584676545
2.281563725915201
2.4549293293527565
2.3065348527769034
2.1007554248984457
2.4147916778295495
2.4237309054648284
2.2769245564299276
2.013104945231291
2.3042926419782654
2.133866363722795
2.135766286194949
2.078304998952762
2.3007560702160395
2.199302893446722
2.3369350150837738
2.166884513121184
2.3009041749850594
2.197115738528637
2.321690330311155
2.1521019932542997
2.4869962576975273
2.423605661696653
2.1293163978336374
2.1960770558811307
2.349255873507958
2.293052780987258
2.273091382066433
2.083164006769458
2.1442834259066292
2.3050359464935224
2.4542866680315383
2.436327496128222
2.35030257294833
2.4737147399888437
2.2239266586771373
2.4384375131605296
2.106027927100893
2.2399430947579804
2.2101366042182273
2.230825935188185
2.184434773717389
2.112894060480782
2.4270549357941826
2.4838076246444913
2.0864459861329347
2.1522875500135337
2.493336991817897
2.455578477856801
2.0882208297345106
2.0369313842208454
2.3223516577740586
2.0357020286704097
2.457977493995798
2.3490931553139265
2.0776238964216023
2.1228844206846844
2.0909096697426275
2.4034963327054752
2.082467945911361
2.3156928240177876
2.1061483378921464
3.122734808906481
3.4562963664954003
3.242628531866509
3.4841702758337494
2.2107533054500816
2.1624747803922157
2.366202139667473
3.459578827097549
3.359393893814726
3.3719554982476447
3.1056994177409303
2.1728999417911945
2.681357365251762
2.7126314650038585
2.973473371634529
2.034386449787209
2.1178034197692623
3.1096124071074116
2.8680845078988537
2.0040816179077785
3.497148327179181
3.088673380609995
3.320038891847575
2.9188735294947366
2.2658201076975377
2.3915219363257973
3.4574441343831674
2.6831334912539866
3.296013681949293
2.039128935419356
3.1999718590376007
2.832554916720106
3.266428045892579
2.4503797298355563
2.759366450120339
2.669133873821538
3.3651022627238913
2.551287422742276
2.220082684626739
2.430923587097895
3.0762469950091296
2.020184982681079
3.4434068710163275
2.756194711104547
2.8939651671395836
3.4096033800135195
3.0047660016338016
2.7355739363123623
2.3509365719545485
2.3682646586303346
2.1323811814243125
2.0328958760148153
2.4725623251196214
2.1379209028746096
2.6925425949429074
3.031550887010238
2.0809943452578956
2.8939015906863044
3.118099762047378
2.9052175214870246
3.0982553343238823
2.32304404836256
2.68006442314501
2.963115665380944
2.6539483151291057
3.062896346131602
2.595172300381036
2.0526508038250273
2.0716169948791143
2.3199571285564557
2.2179214619506986
3.1087164158371117
3.459716882636461
3.165095200983158
3.1589319241116467
2.3446990718613403
3.2199829180070534
3.2316971018808287
2.1947138559315493
2.0969332372730847
3.2345360951817534
2.688526813454141
3.0471590644047306
2.1450697098645426
3.4362427214591853
2.4475321869849123
2.843679242170432
2.9761801519053606
3.4105807602661953
3.3017878562422536
2.9333426649518763
2.4641446671636147
2.404922130430804
2.7277140436449483
2.1443262546476767
2.80748414938488
3.038635768280776
3.3927814470356554
2.100670462858353
2.7372998113006455
2.2441844066892425
3.3587092213968432
3.310682063687115
2.9935660983491488
2.9800060208295935
2.764638257156343
2.7607890479922443
3.085087916371788
2.9004505456984324
2.9204318202853043
2.5240720682117974
2.334877840152893
3.1536881112278667
2.157984129553547
2.7140137284225023
2.550030812952434
2.0721023833210968
2.6779553504772906
2.968591948993435
3.1965108704675744
3.02019881762051
3.183106516195541
2.015879939559375
2.415302105580266
2.918548324168942
2.140823616077714
2.8251992721684425
2.7716644487502147
2.189507845773937
2.0292969797661473
3.3992827236246193
2.1450514780514056
2.522802764154936
2.261406423275905
2.4249230215213373
2.851111820333345
3.303675447903057
2.182738494392232
2.642443731900067
2.0728202040721473
2.4757809544478517
2.563851079797856
2.540885100745336
3.3551747646981624
2.187212367982824
2.1548699829241995
2.8696772420387093
3.263963011220937
2.2588618601291364
2.2435686459000452
3.3592650747105535
2.5683419217668275
3.115588237246171
3.2826223019758696
3.4070031318746348
3.008440210394334
2.328679144547712
2.578676859482568
3.0903419468878623
2.621023818770457
2.5840417991589746
3.07783992337776
3.211590277949301
2.8659337425069307
3.386062932996769
2.657235481239389
2.205495425179555
3.0682961389123533
2.105029596656767
2.532396606637553
3.0216891293722146
3.220849138193611
2.9458861034101416
2.5950038640077
2.9639507055833234
2.8994661134674002
3.010367151596351
2.9196752530309364
2.7260189246035624
3.1757905291023123
3.4763900400159002
2.8744812852751807
2.7026524781683285
2.1623791486876884
2.5586072734174867
2.9803823505626865
3.253471300212114
2.2592507720820154
2.9326625265726483
2.2266799946340146
2.4862847709364613
3.223940149651967
2.099105635284526
3.367176439627735
2.3071723795529087
2.775738660237537
3.3834667988070177
3.286788689446612
2.3906512972833607
2.8048763584341647
3.388393314002461
2.758282980939895
2.1502770012050068
2.466157506383154
2.2456165181564347
3.0370056969494916
2.963882781890507
3.397464424462618
2.300878164293774
2.3465294713978264
2.451419356372042
2.6184456734820847
2.701674713303022
2.8061623715021335
2.5742852059109214
2.8625975599110065
3.061006235213755
3.1556890150934707
3.423993526697984
3.4476681688853885
3.4591147566253424
3.10974506994993
2.84020485917049
2.690756159661878
2.5920414913113072
2.7149601444402416
2.4105725152546524
3.159575711993159
2.6646117046174043
2.9642937136925447
3.317598670604664
3.4310207299384023
3.1321031414558966
3.1184902338570755
2.3833877494696667
3.0991134416058266
2.9385095991926504
3.1876057259088615
2.0227205820656846
2.689894112852698
2.0365217403539315
2.3813716773036164
2.980274623222518
2.4927796980061694
2.24418072618686
2.881284041276582
2.0435238555600663
3.1471793470586524
3.442114580675471
2.6867161224157967
2.117482598343202
2.1123150311075696
2.612270460298042
2.0221308820014254
2.0916096396445116
3.2951334176172242
2.016587177391563
2.530276019908193
2.8881807192944597
3.349298621474805
3.1745276724717946
2.749519988618812
3.4052475264568614
2.8327137745813475
2.656014880784138
2.4135186839009815
2.3813345094594935
2.5507355425858007
2.21258884920676
2.778066704176152
3.19659179849833
2.6704660642258524
2.29562720971864
2.1299943305490467
3.401890300855667
3.030402783011949
2.1745809721877425
2.105722716778258
2.6843887534959188
3.339679700701965
2.550851735371002
3.242506172467311
3.1768427782702346
3.061720237195543
2.789119065316778
2.9781668125730096
2.4246462186674753
2.976470496055705
2.5372016808310223
2.8621101991666347
2.1215386973890307
2.3372536288076335
2.8534431637691107
2.2666231630700073
2.316565174872594
2.897163890118525
2.7744561882687306
3.10741806726496
2.2728167592322155
2.4343413180162634
2.528689452703719
3.2339089300824067
2.300212449080938
2.3622716641354096
2.1336177754712327
2.032087611289654
3.439031512188065
2.6764833556610013
2.9690323762751736
2.5339709534803885
2.525727385317574
3.0668289184252187
2.5220569744912784
2.162062024386177
3.4251573547586123
2.661502761579158
2.0987323544531282
2.1287437663088107
3.2234874372473366
2.463311680428836
2.546602678524642
2.1729365392519178
3.4390902274356145
3.230642759586433
3.385305571836076
3.0825709293470576
2.6412907648446207
3.0313387359083226
3.061109746200713
2.1138982702117928
2.186040082715504
2.7925580356235002
2.0838457814429665
2.655051402901417
3.2764140074419332
2.7512510125705814
3.311376865852105
2.660153042748595
2.323306387180876
3.030343101956342
3.292175526776186
2.5216514438221065
2.457544182114599
3.2883374436518893
2.680125417783203
3.0802332016586456
3.3711309701510555
2.619577201788463
2.8067834263498908
2.8582897198894868
2.2654605472592344
2.962747561516777
2.561210635964951
2.868371136329627
2.686613820920466
3.027886001063716
2.140703741459497
2.891665735749673
2.8748624991736538
3.195740411340677
3.1285924547834334
3.0212554575420976
3.0473660987083204
2.7182196464585138
3.4152839207343835
3.383506151186219
3.147889427830428
3.404136547920851
2.3479813200075226
2.3073546309462643
2.2861431994425683
2.61350281059286
3.0909657951525524
2.876252768158118
2.5500752591487226
2.2709635460082507
2.7283122837037994
2.5787534806646093
2.5792512805606274
3.481278937687762
2.648994423975888
3.218711485498034
2.3415014669882015
2.352049338478432
3.1467979074402357
3.0021584860937813
2.4662913729436178
2.2802988976590925
2.4257807701412406
2.424637815387529
3.453495915041623
2.7061641185816034
2.9927977632226295
2.594464896269405
3.1958010320329557
2.8816626370304492
2.59647508014385
2.135424035705541
2.122917949878686
3.198287156546977
2.019250475810512
2.6442099453993073
3.3530791119472534
2.9824537316248367
2.226202732513208
3.337507734068276
2.707509337407919
2.4737371928735
2.2222387388647404
3.0276718284637245
2.647794175265086
3.1798276173344266
2.2697780153058797
2.024548427113092
3.0570898253299594
3.1725831374905944
2.7553271602609595
2.5871563474314794
2.439414689506883
2.3793623923360614
3.0975394659204025
3.4187747307901555
3.231179585736549
2.3943539413213863
2.8504237946345077
2.9420512894860407
2.020629325682024
3.4532446703768955
2.7563816063756432
3.3717133261442163
2.9565190125795056
2.057669331309475
2.697967975151345
2.5723228435053502
3.1474773096698723
3.305595394676394
3.3172131519288786
3.035090960701992
2.060653256793679
2.9648081102627337
2.3583578140118004
3.3376509247058603
2.5226296979147174
2.6703116652902863
2.20982203291167
2.580713091328045
3.2919242271143716
2.128847594397665
2.0868546385087994
2.6394156697696918
2.6172196862659796
3.179740520665793
2.1211240912589324
3.0397748065985026
3.2070520564930796
2.667901819146408
2.885405993486871
2.0835079272090455
3.15525000152076
3.323175452210326
3.294624810011185
2.4333459041520373
3.1339060083157264
2.309956928897748
3.431983017198852
2.2134989980499786
3.394770311051394
2.7284297411550846
2.3240435270874586
3.477301004042422
2.686778495406075
3.3658857878292823
3.0449374342685824
2.8751425851828616
2.1137950311433147
2.5782634772192092
2.8713975786087262
2.568856696383872
2.3179831440282275
2.6272211602742317
2.477571576947393
2.0555140224256667
2.1694594879001965
2.2361594435871135
3.1358428913864564
3.387128264721506
3.1222727410399633
2.6138024347576714
3.25410093771842
2.889512549253812
3.260085639182928
2.404223079677799
2.1687033960030755
2.0608645985078726
3.0821127485753026
3.351948120649529
2.323969666587789
3.3945466516839087
3.188191198242806
2.5143954986957677
2.9917623208696207
3.0826628776517886
3.1992810227944526
2.184319011278478
3.390909670519206
2.468768051289418
2.1595297451103974
2.089480621700341
3.1942684853709853
3.3651148384970297
2.4780869598392283
3.4548281197774724
2.0988796211539054
2.2741216186138904
2.127213765067487
2.034525992632852
2.3761062498944345
2.710543169793364
2.403208816224906
2.3082897164380904
2.680858891644147
2.7961016469893765
3.0788251995922935
2.41655391539452
3.2903851975565397
2.5837298605086474
2.2843906474160285
3.2220425372181944
2.628504755439466
3.0104535359105693
2.037645718484921
2.4849910886492563
2.226153241643973
2.3385384860382286
2.8929013333278277
2.136951073361575
2.227629823660166
3.4090133354492025
3.1878676344515244
3.1111984245988937
2.332090732165724
2.0202718390615986
2.0304010549373768
2.5305732818433873
2.2883187361848596
2.1995432427517567
2.2145809273952852
3.204715317032087
2.6216292766077447
2.605252361220657
3.4971576971421756
2.408374461577081
2.1521819920832392
2.8662252145366502
2.6495000815418592
2.1840462441823645
2.548937285485988
2.1353792453338194
3.4109340438386715
2.9596639660805533
3.22200411662071
3.0454628747584005
2.2605307929915166
3.4097274152572306
2.2291638668482725
3.4926720026691385
2.4852225821089178
2.5118087873481123
3.076364003137884
2.5332714497651945
3.004585125525744
2.1070769881217783
3.058046893566649
2.320610629485203
3.4241047374289817
3.303391711087611
3.0930160227433285
2.4357911932485687
3.3173941464465084
3.163016692744171
2.8481332582714227
3.4923878532800012
2.8284582467876906
2.476375733155006
2.8277527319152993
3.1895762375000007
2.4129649755399076
2.081817814850381
3.0858786750591496
2.7626881924856193
2.1388883495387194
2.328468847752852
2.27211356885893
3.3309913078198923
2.1476946408183437
3.3334250596595276
2.4156577033009428
2.24676076816937
3.00569018736944
2.0222803998643224
2.613980529929162
2.56678076268802
2.091042469805866
3.020132331517119
2.180171322676597
2.674005726064538
3.1492686225970123
3.366887546438946
3.455089854871873
2.6257366017060546
3.3269188314690474
3.251342176707625
2.128385753295942
2.036310242423791
2.54287130182379
2.7700705669820618
2.2909816080690897
3.16789587987643
2.0100702224145595
2.794973743851618
2.314081035461361
2.3583035546746944
2.0408147760145745
3.352342751076329
2.2328119848928307
3.06439813820435
3.160828218166207
2.9795287021857524
3.130751782319673
2.4732792088321895
3.007648026584918
2.6496123751040797
3.0456487283411438
2.936344411425303
3.155868700136006
2.1412323906144324
2.320079152893304
3.2066525243968127
3.1866724140629175
3.42199721602066
2.9197812242987826
3.4122846348504563
2.79218788249828
3.027822280691558
2.3764472595555333
3.0430295819428883
2.0332243440924755
2.869653946754897
2.2732636580757513
2.04318561163607
2.4091750806688235
2.7555947955682627
2.286799439346513
2.9943270023298316
2.612398821819525
3.4434803837126413
3.2300253203660514
2.7394824086305425
2.576182975269477
2.246443700151365
2.3784813139144054
2.715783840115873
3.340459730435664
2.4112838708271207
2.994713862979224
2.913631947624718
2.897283899825573
2.2716282993838126
3.295023229956672
2.6535859529553183
2.0014305544911943
2.2216336406472
3.0464727794878557
3.082158100683878
2.2618139899087675
2.953807655386166
2.8454157355463403
2.9091875325617806
3.1015231872028926
2.2763207854177714
2.802431271890937
2.048264163643444
3.1459332714269395
2.321584290424349
3.312665618088838
2.6154002090121033
3.1342417612009523
3.195224451760646
2.8341143187144455
2.593494390050962
2.3104575575822914
2.111930999086784
2.2812947663793217
2.3799039056872693
2.9591501100547415
3.161451629582239
3.4354532250946925
3.1207852112222163
3.1906456960151957
2.3916049101921257
3.439120616079091
2.1072345938494847
2.2437480342241565
2.5571870476472807
2.2739428810019753
3.3631839437285125
2.3464590208259475
2.06883474466463
3.193208983036154
3.4186164263773513
3.299472683467622
2.212613180980227
2.748984344254585
2.6167178778289903
3.288596579139753
2.180360005830864
2.891229063990277
2.801800277596821
3.499006681625782
2.3391044214048993
2.5916920932795153
3.4316126083089604
3.3959204737292596
3.139879718633499
2.7648023643147166
3.349059257713043
2.1705261439371006
3.456350313002366
2.156291022786926
2.0602465727155943
3.4965463095566203
3.156470961783245
2.6064229982884664
2.659878241361355
2.300104364261409
3.3264627597039933
2.301054672985043
2.5623501827610156
2.7879508861654267
2.8726122719327796
2.84002550689427
3.043150525079234
2.078248942596531
2.08735354546387
2.870795639961971
3.2661203177217204
2.744077195708564
2.59827627699619
3.1552767927468572
3.2949089459414185
2.7606708370588304
3.11474864775546
2.794083209159525
2.860726807990583
2.7926573404424184
2.6544327610207037
2.3548439997392197
2.5846351923690474
3.471049368101441
2.2011448772564513
2.8051448772564513
2.9218443746508966
2.816658887907735
3.1854410331032414
3.4364102163583046
2.0660368653149646
2.5941794580175204
3.053557976869133
3.277554304332595
3.0074519194834135
3.4565007769708314
3.3315619858593815
2.933348364111435
2.5437975715918473
2.2276070218610884
3.3472489952781626
3.34678277045224
3.037126520385745
3.1667291174796643
3.4235347406815397
2.538050494610819
2.2544741327619433
2.2321418782375027
2.0185055492715165
2.459400765913161
2.8656177254156576
2.376299774055546
2.3121819782862194
2.213248772564513
2.423039920273495
2.2987532585671273
2.5489308467786325
3.2553164233008993
2.1477205772693786
3.005105962832536
2.737134984700003
2.286586245275427
2.3169483682805425
2.9949800062351337
2.973148975690405
2.0098055492715165
2.3960100672584907
3.2495031414281685
3.494968265271063
2.3717852609490095
2.481951164225616
2.1759861320605776
3.087661587696023
2.732074832686071
3.3902365202391698
2.5340797260057473
2.1907572179805523
2.721491886525239
2.794062331037507
3.4315061876583046
3.2536111310079243
2.3949753051714207
2.53639166525127
2.017994941427666
2.5986324305089337
2.2563919225137914
2.206185333875099
3.36666532277657
2.588172632186535
3.1700280229249547
2.0501608487650027
2.754486703408151
3.3133926417761352
2.9313498352868987
2.5362240771599396
3.411854035660856
2.146738618549181
2.3950809087001836
2.7768447393923137
2.5616163399944507
2.3503664898864254
3.417776594632188
2.870068738904815
3.0837485134158413
3.232905228247505
2.153281472855646
2.7974670973153444
2.221883652902318
3.0220592008003218
3.026644586232985
3.0724509173499346
3.368597993967037
2.1516215516895283
3.2053353265243323
3.334080997143458
2.713156215793097
2.31076390365834
2.825729398542571
2.9639299774006256
2.8662863158078675
2.0336944121143397
2.486186226859388
2.9778009879376937
2.246013561541869
2.7247684609421405
3.3578946150149127
3.4120376759306925
2.212136423514779
2.6522600603267343
2.227614708865475
2.398512944693256
3.209842696177896
2.425149400695626
3.448769156525228
2.037457381995639
2.7811544797706014
2.7552361513427464
3.212029170884586
3.0497097105446818
2.4639042859827054
3.359560953260386
3.22204328619517
2.007546204902164
2.7638351051238494
3.197240875344635
2.252570746762978
2.0785844975211756
2.593136893833774
2.7993729799308973
2.793017145093712
3.448087103114887
2.1211383632738787
3.0597830750976867
2.676014101995197
2.3489728525950175
3.0998797046806317
2.395050110412688
2.6312713817496585
2.324606488221335
2.938732108094511
2.618023220663262
3.032138948079015
3.083889123375931
3.117430270144051
2.9571208430594185
2.593420174947707
3.0894422604418526
2.980958009303634
2.4806530114729863
2.3942430398296484
2.6617448095374123
2.283993974483013
2.876863948814564
2.7823836799876656
2.635685114417043
3.377115475429841
2.2779068572910606
3.2211072249268526
3.1668609291360577
3.4111975468399307
2.930725197031145
2.9695453482498744
2.005448015401523
2.9010890820447788
2.103535544169735
3.4849546662078783
2.2210799343051546
3.452525861528752
2.4606537274462803
3.246488011465668
3.3274158891668173
2.7595976612252233
2.859466807835516
2.2793117325356933
2.029959700963727
2.348548420139791
3.0813126380404
3.060259247436389
2.0355887213366763
2.7903410942785882
2.3781435098595303
3.066170304202174
2.6470039104238863
3.0727044218122117
2.67467286211543
2.4961955574892998
3.4437552886395952
3.3053725124445226
2.4669971177168386
3.360918464431754
2.086373577401181
2.2455535540882283
2.427903057528424
2.5254536751766414
3.1146736097999135
3.2623292553035395
2.0243700875856656
2.221047638067504
2.7462885389937366
2.564002285464209
3.369155241115759
3.12734376773785
3.3534296182957792
2.1234603543237234
3.1299522424375406
3.165432383520528
2.083387275691683
2.3461425181694944
2.9141405195895036
2.2440577619614928
3.016661228041542
2.5494623027293972
3.048978326901501
3.192330334187602
3.186545193178909
3.0919956546938905
2.747992782412477
2.336004243773296
3.261774517417892
2.526393719419324
2.0978099671301997
3.336381109136056
2.84350208928695
3.456740434850637
2.3096765518541487
3.024208049676621
2.452202179324962
2.4308848500053486
2.721985790532365
3.173151792896226
2.575126938992929
2.7252193369200333
2.8673583916981946
2.6577273864406044
2.6206440761663448
3.4425773743840393
3.237207274810979
3.477490590783983
2.855371738424392
2.5962209068400273
2.929454895876442
2.779565865148631
3.3000623542427836
2.281110625005315
2.676407403631625
2.3145480359877952
3.3564608436995726
3.411252942920289
2.834289633800099
2.476859804805843
3.157768843690819
3.2971589588120978
2.9850759673110203
2.1115238727411514
3.1708286296775006
2.102027401599532
3.166614708008379
2.914725538040277
2.0292137539537727
3.152746572327077
3.289241868438862
3.1484170907843625
3.095334695296496
2.895662942270876
2.285074781477643
2.169529575910336
2.279434347371532
2.845829955617008
2.995000373784048
3.0090321057220693
2.642135743036997
2.8622949331744847
3.1736433023818327
2.4575255781574517
3.2051643807773136
3.0646602906222697
2.285268629111745
2.206429154212185
2.50902625686906
2.8674752195495605
2.5908533252207304
2.230958402172888
3.088731941539663
2.928424620485045
2.361471811126167
3.292426522494036
2.2262603010218607
2.572223914510219
2.2380760115648886
2.3774255266403452
2.1961958699882644
3.033348702375461
3.379508962717268
3.4710452471363418
3.1319862130147893
2.261972795100414
2.970710487287571
2.6790766697815465
2.280664557501639
3.278191298348903
2.4581931106966257
2.6552673247425553
3.361055769560494
2.4951677429078347
3.191811165827236
2.7145085999824756
2.971894578618837
2.4583513058292232
2.5558790197462438
2.635730950026065
2.37767855452883
2.6519619966820493
2.589502032440922
2.5872029984040097
3.0459026928328976
3.0928287354642006
2.8183903173959806
3.109647198762449
3.297578132708101
2.1235729342938856
2.2848990460506884
3.3400174647957295
2.513505007172442
3.0241806216863507
3.2129199723810133
2.369814853590912
2.7313702065022554
2.132002006234143
2.4713100571768893
2.7970419781093345
2.7850080975144422
3.2462888263759218
2.9094464048249753
3.3005325559939065
3.25944236516864
2.9066735580740177
2.007151681416241
3.2306483988883454
3.4963999136993547
3.367533719529313
2.6703013450914765
3.460005311286206
2.2093076279598463
2.9283872800141095
2.8874966869517715
3.3413508753612797
2.270909521517331
3.075120660526249
2.699654796590546
2.4008524393646162
2.744300191187661
2.010589461984401
2.540267919544175
2.0939707896193998
2.119324211731437
2.6619809182565968
2.770788666120551
2.581526728399483
2.1137135638137714
2.0732104537607476
2.3248292607141785
2.2137366428127727
2.787111858453449
2.51698626358545
2.3245309008770576
3.3585304522558324
2.279896957246693
3.4090971210917145
2.264125115788412
2.696496329227016
2.923336551018873
2.184674083455772
2.454491996223966
3.274914425681162
2.038947441661203
2.9481768576260773
2.6582833432136677
2.992667622709667
2.4306476797103693
2.273720401894516
3.4540762893663888
2.724420564404257
2.9538511866187003
2.0335496474138037
2.341106132587497
2.4765725549847404
2.0814264929825663
2.0759038944487127
2.3043544779056644
2.2733542185165962
2.859478615880379
2.964366177945837
2.126221158717626
2.457840485279151
2.696142198584778
2.372092712868012
2.38970390801369
2.8490008592044815
2.322588579956407
2.670737996081284
2.477950692983977
2.0388086894771345
2.288007154644562
2.986876186956122
2.8384683133932755
2.9032616839147716
2.4372983737034035
2.120095024682646
2.991943105957983
2.2931424800846063
2.2839715248599735
2.8004255391035358
2.445124532239096
2.2857104177023846
2.9624182382799438
2.953964229215308
2.402535862089856
2.393634003349046
2.242152405816876
2.4301345448779665
2.8065542220303814
2.1266709609221763
2.435093172292044
2.196548325173953
2.659017259811666
2.884887250889984
2.9451465340887633
2.504176635042961
2.2819872522626214
2.112203898507506
2.2546102020880454
2.3713955157201347
2.3496355822106665
2.7928197921364575
2.475700926480039
2.5813214151046533
2.5354781005468423
2.0059432812351963
2.0218008778937686
2.3050145622643967
2.6901177214229737
2.4351552287001805
2.4712013215777087
2.89555084662221
2.2581281153779207
2.7418393741178564
2.4104498216958334
2.947600528185179
2.925811939052192
2.1862704063718725
2.4374551090986074
2.2601455950310667
2.416941583134042
2.583693385896626
2.5597446734358495
2.8782780755997663
2.507808878481833
2.095672856947499
2.9330566107218274
2.171333899839831
2.2705487573171705
2.5765463764056133
2.4581748564837014
2.758005607443808
2.2103545443548507
2.620010745480421
2.5914736402083105
2.6160148637755514
2.3005211702812387
2.7493917410829614
2.4006620540560237
2.5621271597746413
2.3116578994721793
2.7358025786591886
2.1589268941081485
2.027424398674272
2.4472728493287192
2.7779180749213404
2.4880716690234346
2.680422127924926
2.2888991513266546
2.2460256475252565
2.5790932103363735
2.6130875445426405
2.31253791758187
2.8114319081448325
2.287387300898105
2.3684995625440846
2.601610552738432
2.7558990590412398
2.8993594204069493
2.6843770340550566
2.099392387659111
2.670765661432667
2.873280766366963
2.060839595496187
2.4182014910854766
2.587354118722279
2.9878356746975046
2.3015325452221296
2.1096421640873113
2.1638429791152887
2.1216120189637535
2.8736238404922356
2.7418442209156497
2.165228312670102
2.907374480050446
3.4898310619151154
2.0421590086758674
2.1338410210053116
3.273265821426968
2.0458158997899893
2.9791302769581733
3.4642220855006256
2.4590238829966804
2.845873544653904
3.123878411270978
3.1816048444157237
2.514422441850221
2.602836987046511
3.2869900830273053
2.7134963884663623
2.2782542871669516
2.0488145243223785
3.189093421238802
3.205819631405835
2.4742187482817055
2.8632402242704758
2.4274791714593413
2.9142683539402414
3.3635511162322227
2.54293389235817
2.9214418632353842
3.4068748741471007
2.031880419135981
2.4443081124053023
2.431537146117122
3.4285714098696127
3.3591808579993603
2.6228831309997522
2.012115374921548
3.0366725422833722
2.1083657805414737
3.028412636171126
2.252720759181228
2.9093838412925055
3.4224745128318155
3.255555899832294
2.911950571938611
3.1026587112166486
2.493677291852525
2.224139085481022
3.246773262556642
2.2713663264023283
3.1269086891491558
3.2148284218836727
2.2372590327490136
2.928510667545125
3.4948050465048177
2.6937917744377455
2.4705611766844795
2.622152720173614
2.7583212530750587
2.568054034780207
2.9832064811066643
2.2195762933185894
2.1377226768642266
3.4357671594973604
2.728998578395517
3.001897049634477
3.3267306719000143
2.8613923769998313
2.478674558831211
2.315513981070312
2.939879261372057
2.4032977181156987
2.117054449244642
3.1542179684324694
3.25572447625761
2.3801811089312856
2.2285831592435503
2.179712513172455
3.0698401412693124
2.803317224270697
2.8648655793164517
2.5621351754531743
2.403280265863408
3.120225846781829
2.85456515120331
3.299299840759377
3.015331483790176
2.250587564627174
2.7489479570505533
2.9482414009729996
2.7628588465600443
3.0794348690996936
3.496770914587153
2.5001017728480197
2.3430993491430496
2.259855031707052
2.4733713709369267
2.740055927652111
2.045380367982297
2.3797108044013306
3.0555231256093576
2.35902496026572
3.3611804459581043
3.0945937481598373
3.321021224475557
2.706861960247235
3.0581552934855756
2.390310840954291
2.188187387234475
3.227621463621793
2.5901188331908367
3.198198220879125
2.479369363799468
2.0520005678268896
2.134655418381036
2.4158321213583784
2.3368391478919373
3.392235045056505
2.537998339776537
2.743723620068647
2.691659984559002
2.9037106410120614
2.3845181898083165
2.4027868219930486
3.002689943616364
2.1505236664101592
3.4267040152471795
2.4338052178950043
2.5424625334531856
2.082998123370735
3.4946948537977365
3.320423368212799
2.9578800846317964
2.3798855353612236
2.539521217740652
3.299125161494293
2.626455088524934
2.104111488572294
2.221774910991775
3.2657718804738027
3.3667943716274475
3.167196014700167
2.5041226262031486
2.5951306176942426
2.9744816539366306
3.180792256105898
3.121919532341292
3.2342889639018355
2.5194435343001325
2.9356547364544863
2.324243651249108
2.5848266277128147
2.9289328872838922
2.259601487794634
3.3713375597008053
2.8789646344678888
2.568360149989868
2.7159018194836797
2.8097973314065943
2.285899744232658
2.688203949086584
2.4826199170747456
2.876463207958614
2.423498049683569
3.1531167016524093
2.5404810932009942
2.156428760104012
2.0960005802976323
2.211626447880431
3.175710931709805
2.8416141080629154
2.871788486951645
2.2108701394508294
2.715161612197829
2.627161148657061
3.3459769785274487
2.410691779307736
2.2162704769606543
3.1247123680667244
3.3026983960818117
2.732349408573665
3.4498286741284714
2.8560380704993387
2.7378301395077016
3.258139551282279
2.8777439958972955
3.071397145521119
2.454475554708342
2.7192519153817987
2.3972757264969093
2.672405651041983
2.708457661080505
2.682822889408814
2.2981515762222444
2.9934590836681427
2.938485062146455
2.4924281787866374
2.340810937676009
3.3132602888488174
2.8730922925033617
3.1983481030422087
3.27304480753485
2.0817357649502943
2.4488985608464553
2.9617833818876553
2.959302912342197
2.0820233671626505
3.1836053658536385
3.2126871173739593
3.2990141318572634
2.9098110255042684
2.4577390611575973
2.369426715344197
3.313047011419422
2.3242494033755112
2.350160803815878
2.6979175596994973
2.2065858841220525
3.300798875923708
2.9566162972283205
2.911966170884747
2.832832722485922
2.6209197557030706
2.4520576309822952
2.1977477601996283
2.9053184771940765
2.660141501982088
2.0705988437592064
3.1002463789037087
2.7820985874516118
3.0306942651062756
2.701616894358122
2.342145193781836
2.975637313279816
2.586212474297787
2.2661894554529884
3.1191553197919064
2.7840458273031987
2.5990357283628494
2.702655114355818
2.5723032385386344
2.7654157342637062
2.5219915145066523
2.834762500407063
3.1965565405404988
3.286820271838376
3.4528252015629164
3.063126113759219
3.070734199483776
3.049154331989625
2.120060443911416
2.620401846832688
3.317189743062346
3.226760359724757
2.7173889454508364
2.8471928614033777
2.749151575559397
2.1540346971129685
2.4095926666620535
2.2700452299135545
2.4792046130869756
2.6647483302762947
2.6409624577925768
3.15420898169904
2.8368648778505614
2.4775604329157175
3.0362049218356963
3.1670405545734184
2.0604495441879407
2.7837947421097455
3.27989357141732
3.096056650684828
2.067567954816546
3.0005882493372167
3.232656060536468
2.1565771166759466
3.219103114317014
2.850378114003168
3.3441839379161498
2.9752701940825492
2.6376002943812864
3.1498765098745363
3.151643862919311
2.278519861358146
3.234963339020763
2.378146711382976
2.3978574306619076
3.1323473056157956
2.614166283404857
2.9026859559439226
2.398089865017379
2.5277465181376586
3.091571943588696
2.4469492516779074
3.025688847154517
2.786308078464932
2.1216740811137678
2.440490617025573
3.1619447551098645
3.0758423728606745
2.1237698460345644
2.5912102177883884
2.6886757124108316
2.374086902497863
2.5611473277176877
3.303125714231995
3.225056168688691
3.294402880288415
2.2449613608634538
2.8154712861310625
2.175300641705658
2.6142726832201744
3.039508232894606
2.4650555329143904
2.4511427670076618
2.2605278768446806
2.1637868738671555
3.2735655161054435
2.963023391654406
2.9452071345385082
2.387770866533375
2.5885356535416095
2.4648647322376096
3.1155100295578064
3.2115695847773433
2.0344006158983463
3.157136456709766
3.3618001654511853
2.0096686335908327
3.244269247460815
2.001091758557269
2.913558841574683
3.1508547447049664
3.3782457090591143
2.4261763003642463
3.022524179841869
2.384922399977288
2.010554212890897
3.4216347463879133
2.3357551076224436
3.493091078659619
3.2893233855376947
2.20623005021705
3.4386092307780842
2.727573333515503
3.2186505020682663
3.0395726394026705
2.6812333323401814
3.427882270389055
2.881436833499926
2.338991709288475
3.338574781297737
2.7653716193888003
3.0254513447872045
2.4799854203062095
2.9183249305280925
2.3151171647657494
2.703626446417054
2.297456177395307
2.562177492774212
2.323343741271419
2.6012508424205016
3.4613383453699385
2.870875911810277
3.129811419391718
2.8744493445563086
2.186398209878297
2.917373938946439
3.064185427478045
2.4296021629474103
2.426653678926228
3.2958705932901036
2.4524849014836265
2.5956179909236745
2.412116073964114
3.152747419745695
2.2346915853427056
3.1624069528051146
2.504351192826206
3.2587385679048073
2.4315223216909905
2.2894407293395225
2.0886889972212095
2.114495142039366
3.135882720086969
2.95466564305448
3.335150416182974
3.12185683107358
2.062903769617239
2.4036521300485725
2.154709510440343
2.530126447659974
2.592279852621181
2.9391279480397765
2.4201426629462848
2.407415540432943
2.834856856168848
3.3585695507845177
2.4288666081645975
3.1307093815190945
2.8741351200372423
2.8096080727493913
2.679624198698976
3.4352162816844283
2.958435464742709
2.732278810967846
2.541276239209963
2.7844982275050985
2.989619487620762
2.884545697432911
2.373407298438136
2.461099958885017
2.489945511168527
2.6838763942491575
2.095545238821218
2.398833163995149
2.183438796742754
3.094385457568602
2.72018878344139
2.3905296027911027
2.626833667888273
2.971438365415704
3.4452135610393717
3.3447752506951685
3.011632092337641
3.4888414223138797
2.0259333366319336
2.2809899840978853
2.8261701566756257
2.61068913407645
2.9529866120528266
2.9372801669283133
3.1993623775063695
2.5751445988985786
2.8142128363866226
2.4761160324253595
2.397748098365604
3.2950853224077656
3.3975847288383427
2.648014016967184
2.1961252872697727
2.1599763029051133
2.0176664657910677
2.073366170613132
2.185557582855928
2.028626278971135
2.5106726731719395
2.1932458258110277
3.30915760914686
2.321190089539913
2.041997958675332
2.609078082341381
2.2207194969737007
3.3357946633246693
3.1580097092177857
2.2519587216737174
2.4160319356711697
3.4730402247279475
2.9696631896756953
2.9665482901096913
2.1214703579724885
3.0921054744764866
3.3454030602315017
2.2916774526303683
2.569365964518599
2.0940839988920255
2.1550139581587096
3.338575599772204
3.3153181812449004
2.722876723268029
2.0235200085609653
3.287746957731665
2.3348347455561127
2.3669719801078344
2.9454570298999347
2.21022273072669
2.026526299856119
3.0174761202206266
2.011527566262157
3.403358847637004
2.0793048011152178
2.646416964629392
2.025508947466864
3.4216917495713863
2.1380140515679287
2.6729573472008594
2.509267563773328
2.4544085391629
2.0268004644266555
2.854975159365127
2.1219043525136176
2.9411397675144624
3.076963496054905
3.204788346674371
2.878540437271316
2.2955316987319656
3.1662884232830635
3.1667096672982664
2.9437767030536746
2.074763263182877
2.660505110243657
2.871838992940692
2.1371708289549436
3.2036171980420107
2.2114902642316
2.4617411002872855
3.3367498734674204
3.0828844621539764
3.121475721599515
3.2526090489482895
2.779619181142487
2.458126866179039
3.1552054423659297
2.457987202922308
2.0935797097207343
2.416279338733861
3.1712378143400457
3.24516011687414
2.9982501899509457
2.8505594587299132
3.383225375561368
3.2675631834442365
2.142738841117204
2.4583209180987513
2.2566856952085197
2.7326880153825432
2.112785114861842
3.126593663514414
2.367131466895585
2.7383065348800346
2.884214619273931
3.3241677623689916
3.300241015124947
3.347247498863158
2.2075787207520365
2.466576217785057
3.051771355041476
2.1807569988162854
3.15917939820945
2.7355924805568486
3.1208501903313426
2.8776377327218814
2.9179185900447813
2.3685214500299065
2.296094520887269
3.0187945535282443
2.684173546570849
2.0705613290698737
3.39637144178257
2.3823134381635263
2.143841357107302
2.7001165023137856
2.4798579707599924
2.2705641208246683
2.510460151444894
3.4827187822328582
2.8105734232768147
2.7724972115380546
2.9981630334622666
2.574067069539554
2.348779194282727
3.2277475667646476
2.3118884205551447
2.6167889689599777
2.223059961368031
3.075288062037578
2.4481008745221864
2.824649592680905
2.170445673704391
2.7626791383426696
2.595759113276606
3.452869194520895
2.387733916301576
2.280167847717903
