0.0 5.0
0.01 -3.410384775592985
0.02 0.595124577930926
0.03 10.151508562520396
0.04 6.05216932101793
0.05 -0.9999999999999982
0.06 -7.4341353322680375
0.07 -4.0613386187709235
0.08 -4.213158566680821
0.09 -1.679785168156502
0.1 5.000000000000001
0.11 -3.410384775592983
0.12 0.5951245779309157
0.13 10.151508562520394
0.14 6.05216932101793
0.15 -0.9999999999999951
0.16 -7.434135332268032
0.17 -4.06133861877092
0.18 -4.213158566680808
0.19 -1.6797851681565052
0.2 5.000000000000002
0.21 -3.41038477559297
0.22 0.595124577930917
0.23 10.15150856252039
0.24 6.052169321017953
0.25 -0.999999999999992
0.26 -7.434135332268031
0.27 -4.061338618770923
0.28 -4.21315856668082
0.29 -1.6797851681565297
0.3 5.000000000000002
0.31 -3.4103847755929673
0.32 0.5951245779309116
0.33 10.151508562520387
0.34 6.052169321017956
0.35000000000000003 -1.000000000000035
0.36 -7.43413533226807
0.37 -4.0613386187709235
0.38 -4.213158566680805
0.39 -1.6797851681564924
0.4 5.0000000000000036
0.41000000000000003 -3.4103847755929753
0.42 0.5951245779308941
0.43 10.151508562520377
0.44 6.052169321017938
0.45 -0.9999999999999858
0.46 -7.43413533226805
0.47000000000000003 -4.061338618770895
0.48 -4.213158566680793
0.49 -1.6797851681565166
0.5 5.0000000000000036
0.51 -3.4103847755929517
0.52 0.595124577930902
0.53 10.151508562520378
0.54 6.052169321017961
0.55 -1.0000000000000289
0.56 -7.434135332268029
0.5700000000000001 -4.0613386187709075
0.58 -4.213158566680779
0.59 -1.6797851681565623
0.6 5.000000000000004
0.61 -3.410384775592907
0.62 0.5951245779308837
0.63 10.151508562520364
0.64 6.052169321017944
0.65 -1.0000000000000253
0.66 -7.434135332268049
0.67 -4.061338618770897
0.68 -4.213158566680789
0.6900000000000001 -1.679785168156501
0.7000000000000001 4.999999999999984
0.71 -3.410384775592924
0.72 0.5951245779308402
0.73 10.151508562520371
0.74 6.052169321017967
0.75 -0.9999999999999298
0.76 -7.434135332268068
0.77 -4.061338618770886
0.78 -4.213158566680827
0.79 -1.679785168156525
0.8 5.000000000000005
0.81 -3.4103847755930046
0.8200000000000001 0.5951245779309847
0.8300000000000001 10.151508562520387
0.84 6.052169321017989
0.85 -0.9999999999999267
0.86 -7.434135332268089
0.87 -4.061338618770964
0.88 -4.2131585666808125
0.89 -1.6797851681565492
0.9 5.000000000000007
0.91 -3.410384775592981
0.92 0.5951245779308559
0.93 10.151508562520377
0.9400000000000001 6.052169321017919
0.9500000000000001 -1.000000000000016
0.96 -7.434135332268108
0.97 -4.061338618770953
0.98 -4.213158566680798
0.99 -1.679785168156617
